list(Nobs=11055, Npat=2889, Narea=23, P=22)
